100
1 2
2 3
3 2
4 2
5 2
6 2
7 2
8 2
9 2
11 2
13 2
17 2
19 2
23 2
29 2
31 2
37 2
41 2
43 2
47 2
53 2
59 2
61 2
67 2
71 2
73 2
79 2
83 2
89 2
97 2
101 3
103 3
107 3
109 3
113 3
127 3
131 3
137 3
139 3
149 3
151 3
157 3
163 3
167 3
173 3
179 3
181 3
191 3
193 3
197 3
199 3
211 3
223 3
227 3
229 3
233 3
239 3
241 3
251 3
257 3
263 3
269 3
271 3
277 3
281 3
283 3
293 3
307 3
311 3
313 3
317 3
331 3
337 3
347 3
353 3
359 3
367 3
373 3
379 3
383 3
389 3
397 3
401 3
409 3
419 3
421 3
431 3
433 3
439 3
443 3
449 3
457 3
461 3
463 3
467 3
479 3
487 3
491 3
499 3
503 3
